24
25
26
30
31
33
35
36
37
39
40
41
42
43
45
46
47
48
49
51
52
53
54
55
58
59
61
63
64
65
66
67
68
69
72
73
74
75
76
77
80
81
83
88
89
90
91
94
95
96
97
98
100
101
102
103
106
107
110
111
112
113
114
117
118
121
122
123
125
126
127
130
131
134
137
139
142
146
149
151
153
154
156
157
159
161
164
165
166
167
168
170
172
174
176
179
181
182
183
184
185
188
191
193
198
199
200
201
202
205
207
208
210
211
212
215
217
218
220
221
223
225
226
228
233
234
238
240
241
242
244
245
247
253
254
262
263
266
267
270
272
273
274
275
279
281
282
286
289
293
294
296
298
299
300
302
303
304
306
307
308
312
314
316
318
320
322
324
325
331
332
333
334
336
341
352
356
358
359
363
364
367
368
369
371
373
374
377
378
380
385
387
391
392
395
396
397
399
409
411
413
416
420
422
423
427
431
432
436
437
439
445
446
447
449
452
455
457
458
461
463
466
469
471
473
474
475
476
479
480
482
483
486
487
488
489
493
494
495
497
501
502
504
505
507
508
509
513
515
518
519
521
523
524
527
528
529
533
534
535
540
545
547
549
550
555
558
562
563
564
567
569
571
573
574
576
577
578
582
583
584
593
594
595
597
602
603
605
